0 0 0 1 0.6 1600 -30 0.017 1.00 1.00
0 0 1 3 0.6 1600 -30 0.017 1.00 1.00
0 1 3 5 0.6 1600 -30 0.017 1.00 1.00
0 0 1 2 0.6 1600 -15 0.034 0.5 1.00
0 0 2 4 0.6 1600 -15 0.034 0.5 1.00
0 0 3 4 0.6 1600 -15 0.034 0.5 1.00
0 0 0 0.0 40.0 1.00 -30 0.017 0.00
0 1 1 0.0 0.0 1.00 -30 0.017 8.068e-05
0 1 1 0.0 0.0 1.00 -15 0.034 8.068e-05
0 1 1 0.0 0.0 1.00 -30 0.017 5.072e-05
0 1 1 0.0 0.0 1.00 -15 0.034 7.602e-05
0 1 0 0.0 0.0 0.10 -30 0.017 0.00
0 1 0
1 3 1
1 2 3
2 4 4
3 4 5
3 5 5
1600 6 4 0.62 0.28 0.03 0.0 0.0 0.0 0.0
1600 6 4 0.62 0.19 0.03 0.0 -0.6 0.0 0.0
1600 6 4 0.62 0.25 0.03 0.0 -1.2 0.0 0.0
1600 6 4 0.62 0.26 0.03 0.0 -5.0 0.0 0.0
1600 6 4 0.62 0.33 0.03 0.0 -5.6 0.0 0.0
2 3 1 0.12 0.33 0.00 0.0 0.0 0.0 0.0
2 3 1 0.12 0.33 0.00 0.0 0.0 0.0 0.0
2 3 1 0.12 0.33 0.00 0.0 0.0 0.0 0.0
2 3 1 0.12 0.33 0.00 0.0 0.0 0.0 0.0
2 3 1 0.12 0.33 0.00 0.0 0.0 0.0 0.0
2 3 1 0.12 0.33 0.00 0.0 0.0 0.0 0.0
